%YAML:1.0
camera_matrix: !!opencv-matrix
   rows: 3
   cols: 3
   dt: f
   data: [ 1891.07, 0.0, 640, 0.0, 1891.07, 360, 0.0, 0.0, 1.0]
dist_coeffs: !!opencv-matrix
   rows: 1
   cols: 5
   dt: f
   data: [1.68091e-02, -7.14552e-02, -5.65886e-03, -5.23482e-04, -3.39946e-02]
